{
 "cells": [
  {
   "cell_type": "code",
   "execution_count": 2,
   "id": "cfa6924e",
   "metadata": {},
   "outputs": [],
   "source": [
    "import pandas as pd"
   ]
  },
  {
   "cell_type": "code",
   "execution_count": 3,
   "id": "9f55721b",
   "metadata": {},
   "outputs": [],
   "source": [
    "data = pd.read_csv(\"/Users/asahi/Desktop/Pistat/ex2.5.csv\", sep=\",\")"
   ]
  },
  {
   "cell_type": "code",
   "execution_count": 4,
   "id": "9dec938e",
   "metadata": {},
   "outputs": [
    {
     "data": {
      "text/html": [
       "<div>\n",
       "<style scoped>\n",
       "    .dataframe tbody tr th:only-of-type {\n",
       "        vertical-align: middle;\n",
       "    }\n",
       "\n",
       "    .dataframe tbody tr th {\n",
       "        vertical-align: top;\n",
       "    }\n",
       "\n",
       "    .dataframe thead th {\n",
       "        text-align: right;\n",
       "    }\n",
       "</style>\n",
       "<table border=\"1\" class=\"dataframe\">\n",
       "  <thead>\n",
       "    <tr style=\"text-align: right;\">\n",
       "      <th></th>\n",
       "      <th>area</th>\n",
       "      <th>shibouritsu</th>\n",
       "      <th>menrui</th>\n",
       "      <th>yasai</th>\n",
       "      <th>nikurui</th>\n",
       "      <th>sakerui</th>\n",
       "      <th>a</th>\n",
       "      <th>b</th>\n",
       "      <th>c</th>\n",
       "      <th>d</th>\n",
       "      <th>e</th>\n",
       "    </tr>\n",
       "  </thead>\n",
       "  <tbody>\n",
       "    <tr>\n",
       "      <th>0</th>\n",
       "      <td>tohoku</td>\n",
       "      <td>2.00</td>\n",
       "      <td>1204</td>\n",
       "      <td>4568</td>\n",
       "      <td>4104</td>\n",
       "      <td>3192</td>\n",
       "      <td>1</td>\n",
       "      <td>1</td>\n",
       "      <td>4</td>\n",
       "      <td>6</td>\n",
       "      <td>1</td>\n",
       "    </tr>\n",
       "    <tr>\n",
       "      <th>1</th>\n",
       "      <td>kantou</td>\n",
       "      <td>1.88</td>\n",
       "      <td>1130</td>\n",
       "      <td>4631</td>\n",
       "      <td>4192</td>\n",
       "      <td>2594</td>\n",
       "      <td>4</td>\n",
       "      <td>3</td>\n",
       "      <td>3</td>\n",
       "      <td>5</td>\n",
       "      <td>5</td>\n",
       "    </tr>\n",
       "    <tr>\n",
       "      <th>2</th>\n",
       "      <td>chubu</td>\n",
       "      <td>1.80</td>\n",
       "      <td>1170</td>\n",
       "      <td>4664</td>\n",
       "      <td>4423</td>\n",
       "      <td>2748</td>\n",
       "      <td>6</td>\n",
       "      <td>2</td>\n",
       "      <td>2</td>\n",
       "      <td>4</td>\n",
       "      <td>2</td>\n",
       "    </tr>\n",
       "    <tr>\n",
       "      <th>3</th>\n",
       "      <td>kinki</td>\n",
       "      <td>1.84</td>\n",
       "      <td>1088</td>\n",
       "      <td>4677</td>\n",
       "      <td>5681</td>\n",
       "      <td>2683</td>\n",
       "      <td>5</td>\n",
       "      <td>4</td>\n",
       "      <td>1</td>\n",
       "      <td>1</td>\n",
       "      <td>3</td>\n",
       "    </tr>\n",
       "    <tr>\n",
       "      <th>4</th>\n",
       "      <td>chugoku</td>\n",
       "      <td>1.91</td>\n",
       "      <td>1085</td>\n",
       "      <td>3863</td>\n",
       "      <td>4511</td>\n",
       "      <td>2670</td>\n",
       "      <td>2</td>\n",
       "      <td>5</td>\n",
       "      <td>5</td>\n",
       "      <td>2</td>\n",
       "      <td>4</td>\n",
       "    </tr>\n",
       "  </tbody>\n",
       "</table>\n",
       "</div>"
      ],
      "text/plain": [
       "      area  shibouritsu  menrui  yasai  nikurui  sakerui  a  b  c  d  e\n",
       "0   tohoku         2.00    1204   4568     4104     3192  1  1  4  6  1\n",
       "1   kantou         1.88    1130   4631     4192     2594  4  3  3  5  5\n",
       "2    chubu         1.80    1170   4664     4423     2748  6  2  2  4  2\n",
       "3    kinki         1.84    1088   4677     5681     2683  5  4  1  1  3\n",
       "4  chugoku         1.91    1085   3863     4511     2670  2  5  5  2  4"
      ]
     },
     "execution_count": 4,
     "metadata": {},
     "output_type": "execute_result"
    }
   ],
   "source": [
    "data.head()"
   ]
  },
  {
   "cell_type": "code",
   "execution_count": 5,
   "id": "3ad28662",
   "metadata": {},
   "outputs": [],
   "source": [
    "data1 = data[[\"area\", \"shibouritsu\", \"menrui\", \"yasai\", \"nikurui\", \"sakerui\"]]"
   ]
  },
  {
   "cell_type": "code",
   "execution_count": 6,
   "id": "5b5650b8",
   "metadata": {},
   "outputs": [],
   "source": [
    "data2 = data[[\"a\", \"b\", \"c\", \"d\", \"e\"]]"
   ]
  },
  {
   "cell_type": "code",
   "execution_count": 7,
   "id": "64c2b3a4",
   "metadata": {},
   "outputs": [
    {
     "data": {
      "text/html": [
       "<div>\n",
       "<style scoped>\n",
       "    .dataframe tbody tr th:only-of-type {\n",
       "        vertical-align: middle;\n",
       "    }\n",
       "\n",
       "    .dataframe tbody tr th {\n",
       "        vertical-align: top;\n",
       "    }\n",
       "\n",
       "    .dataframe thead th {\n",
       "        text-align: right;\n",
       "    }\n",
       "</style>\n",
       "<table border=\"1\" class=\"dataframe\">\n",
       "  <thead>\n",
       "    <tr style=\"text-align: right;\">\n",
       "      <th></th>\n",
       "      <th>shibouritsu</th>\n",
       "      <th>menrui</th>\n",
       "      <th>yasai</th>\n",
       "      <th>nikurui</th>\n",
       "      <th>sakerui</th>\n",
       "    </tr>\n",
       "  </thead>\n",
       "  <tbody>\n",
       "    <tr>\n",
       "      <th>shibouritsu</th>\n",
       "      <td>1.000000</td>\n",
       "      <td>0.162739</td>\n",
       "      <td>-0.224540</td>\n",
       "      <td>-0.469259</td>\n",
       "      <td>0.604085</td>\n",
       "    </tr>\n",
       "    <tr>\n",
       "      <th>menrui</th>\n",
       "      <td>0.162739</td>\n",
       "      <td>1.000000</td>\n",
       "      <td>0.768401</td>\n",
       "      <td>-0.243953</td>\n",
       "      <td>0.785846</td>\n",
       "    </tr>\n",
       "    <tr>\n",
       "      <th>yasai</th>\n",
       "      <td>-0.224540</td>\n",
       "      <td>0.768401</td>\n",
       "      <td>1.000000</td>\n",
       "      <td>0.163588</td>\n",
       "      <td>0.461606</td>\n",
       "    </tr>\n",
       "    <tr>\n",
       "      <th>nikurui</th>\n",
       "      <td>-0.469259</td>\n",
       "      <td>-0.243953</td>\n",
       "      <td>0.163588</td>\n",
       "      <td>1.000000</td>\n",
       "      <td>-0.259975</td>\n",
       "    </tr>\n",
       "    <tr>\n",
       "      <th>sakerui</th>\n",
       "      <td>0.604085</td>\n",
       "      <td>0.785846</td>\n",
       "      <td>0.461606</td>\n",
       "      <td>-0.259975</td>\n",
       "      <td>1.000000</td>\n",
       "    </tr>\n",
       "  </tbody>\n",
       "</table>\n",
       "</div>"
      ],
      "text/plain": [
       "             shibouritsu    menrui     yasai   nikurui   sakerui\n",
       "shibouritsu     1.000000  0.162739 -0.224540 -0.469259  0.604085\n",
       "menrui          0.162739  1.000000  0.768401 -0.243953  0.785846\n",
       "yasai          -0.224540  0.768401  1.000000  0.163588  0.461606\n",
       "nikurui        -0.469259 -0.243953  0.163588  1.000000 -0.259975\n",
       "sakerui         0.604085  0.785846  0.461606 -0.259975  1.000000"
      ]
     },
     "execution_count": 7,
     "metadata": {},
     "output_type": "execute_result"
    }
   ],
   "source": [
    "data1.corr(method=\"pearson\")"
   ]
  },
  {
   "cell_type": "code",
   "execution_count": 9,
   "id": "160e906a",
   "metadata": {},
   "outputs": [
    {
     "data": {
      "text/html": [
       "<div>\n",
       "<style scoped>\n",
       "    .dataframe tbody tr th:only-of-type {\n",
       "        vertical-align: middle;\n",
       "    }\n",
       "\n",
       "    .dataframe tbody tr th {\n",
       "        vertical-align: top;\n",
       "    }\n",
       "\n",
       "    .dataframe thead th {\n",
       "        text-align: right;\n",
       "    }\n",
       "</style>\n",
       "<table border=\"1\" class=\"dataframe\">\n",
       "  <thead>\n",
       "    <tr style=\"text-align: right;\">\n",
       "      <th></th>\n",
       "      <th>a</th>\n",
       "      <th>b</th>\n",
       "      <th>c</th>\n",
       "      <th>d</th>\n",
       "      <th>e</th>\n",
       "    </tr>\n",
       "  </thead>\n",
       "  <tbody>\n",
       "    <tr>\n",
       "      <th>a</th>\n",
       "      <td>1.000000</td>\n",
       "      <td>-0.028571</td>\n",
       "      <td>-0.714286</td>\n",
       "      <td>-0.314286</td>\n",
       "      <td>0.028571</td>\n",
       "    </tr>\n",
       "    <tr>\n",
       "      <th>b</th>\n",
       "      <td>-0.028571</td>\n",
       "      <td>1.000000</td>\n",
       "      <td>0.485714</td>\n",
       "      <td>-0.714286</td>\n",
       "      <td>0.828571</td>\n",
       "    </tr>\n",
       "    <tr>\n",
       "      <th>c</th>\n",
       "      <td>-0.714286</td>\n",
       "      <td>0.485714</td>\n",
       "      <td>1.000000</td>\n",
       "      <td>0.142857</td>\n",
       "      <td>0.485714</td>\n",
       "    </tr>\n",
       "    <tr>\n",
       "      <th>d</th>\n",
       "      <td>-0.314286</td>\n",
       "      <td>-0.714286</td>\n",
       "      <td>0.142857</td>\n",
       "      <td>1.000000</td>\n",
       "      <td>-0.314286</td>\n",
       "    </tr>\n",
       "    <tr>\n",
       "      <th>e</th>\n",
       "      <td>0.028571</td>\n",
       "      <td>0.828571</td>\n",
       "      <td>0.485714</td>\n",
       "      <td>-0.314286</td>\n",
       "      <td>1.000000</td>\n",
       "    </tr>\n",
       "  </tbody>\n",
       "</table>\n",
       "</div>"
      ],
      "text/plain": [
       "          a         b         c         d         e\n",
       "a  1.000000 -0.028571 -0.714286 -0.314286  0.028571\n",
       "b -0.028571  1.000000  0.485714 -0.714286  0.828571\n",
       "c -0.714286  0.485714  1.000000  0.142857  0.485714\n",
       "d -0.314286 -0.714286  0.142857  1.000000 -0.314286\n",
       "e  0.028571  0.828571  0.485714 -0.314286  1.000000"
      ]
     },
     "execution_count": 9,
     "metadata": {},
     "output_type": "execute_result"
    }
   ],
   "source": [
    "data2.corr(method=\"spearman\")"
   ]
  },
  {
   "cell_type": "code",
   "execution_count": null,
   "id": "abcbe142",
   "metadata": {},
   "outputs": [],
   "source": []
  }
 ],
 "metadata": {
  "kernelspec": {
   "display_name": "Python 3",
   "language": "python",
   "name": "python3"
  },
  "language_info": {
   "codemirror_mode": {
    "name": "ipython",
    "version": 3
   },
   "file_extension": ".py",
   "mimetype": "text/x-python",
   "name": "python",
   "nbconvert_exporter": "python",
   "pygments_lexer": "ipython3",
   "version": "3.8.3"
  }
 },
 "nbformat": 4,
 "nbformat_minor": 5
}
